27
1 -0.6 0 0.04
2 -0.06 -0.36 0.04
3 -0.02 -0.1928 0.04
4 -0.2448 -0.02 0.04
5 -0.24 0.448 0.04
6 0.096 -0.136 0.04
7 0.38 -0.46 0.04
8 0.12 0.76 0.04
9 0.74 0.15 0.04
10 0 -0.48 0.04
11 -0.8 0.52 0.04
12 0.144 0.32 0.04
13 0.84 -0.28 0.04
14 -0.68 -0.2 0.04
15 -0.72 -0.45 0.04
16 0.384 0.12 0.04
17 0.524 -0.288 0.04
18 -0.78 -.080 0.04
19 0.276 0.24 0.04
20 0.64 -0.36 0.04
21 0.4 0.28 0.04
22 0.68 -0.524 0.04
23 -0.2 -0.72 0.04
24 -0.144 0.2 0.04
25 0.82 0.23 0.04
26 0.0 0.03 0.04
27 0.532 -0.2 0.04
